O, C, O, 
      444345      5972.08     -65803.7      -435839      4219.78       139999       181736      3230.78     -61863.7
     5972.08  3.69855e+06      -284044     -2610.67 -7.94636e+06       474049     -11726.7  3.43876e+06      -113833
    -65803.7      -284044  3.06879e+07      20423.1       656144 -3.72633e+07     -17304.9      -318244  1.73851e+06
     -435839     -2610.67      20423.1  1.41831e+06     -28035.7     -58350.5      -446515      8911.32      28367.9
     4219.78 -7.94636e+06       656144     -28035.7  1.87458e+07      -829817      33291.9 -7.99332e+06      38327.8
      139999       474049 -3.72633e+07     -58350.5      -829817  8.53432e+07      51943.4       346066 -3.65203e+07
      181736     -11726.7     -17304.9      -446515      33291.9      51943.4       443082      -4830.9       -25660
     3230.78  3.43876e+06      -318244      8911.32 -7.99332e+06       346066      -4830.9  3.75225e+06      25608.3
    -61863.7      -113833  1.73851e+06      28367.9      38327.8 -3.65203e+07       -25660      25608.3  3.01372e+07

