O, C, O, 
 7.31837e+17 -1.20459e+16 -1.59235e+16  5.16065e+07  1.64949e+10 -1.83504e+10
-1.20459e+16  7.42689e+17 -2.11032e+16   6.4533e+09 -1.27007e+10 -1.16702e+10
-1.59235e+16 -2.11032e+16  7.89192e+17  1.33339e+10 -5.19898e+09  2.69126e+10
 5.16065e+07   6.4533e+09  1.33339e+10       254376     -6379.21      10870.4
 1.64949e+10 -1.27007e+10 -5.19898e+09     -6379.21       262165     -3926.01
-1.83504e+10 -1.16702e+10  2.69126e+10      10870.4     -3926.01   1.7576e+06

