CHH, CHH, CHH, CHH, CHH, CHH, 
 1.19945e+07      -141973       183747 -6.04199e+06      89213.4      -173590     -28541.8     -4434.47       106117      56102.3      49802.8      40214.9       699666     -48130.1       149477 -6.53297e+06       184259      -286471
     -141973  2.40805e+07      39051.7      -124895 -1.21202e+07      -183427       356031       111790       748874     -4556.14      -314792      -287483      -323990       192937      -165855       217479 -1.19416e+07     -78789.3
      183747      39051.7  2.33774e+07     -32719.8     -94492.6 -1.12276e+07      -282730       269832       493774       571604       225187      -462795      -313612      -299058      -534437       -31468     -73682.2 -1.15673e+07
-6.04199e+06      -124895     -32719.8  1.19096e+07       265693       188627 -6.17649e+06      -170099      -276026       426911     -53872.6       331452      -247164       224722      -339015       396411      -204631       136969
     89213.4 -1.21202e+07     -94492.6       265693  2.39795e+07      -416110      -368482 -1.18581e+07       383238       279729       140841      -281357       145091     -48331.4       332111      -381645       220621      6104.48
     -173590      -183427 -1.12276e+07       188627      -416110  2.45091e+07        67024       152819 -1.21627e+07      -509918      57585.5      -110900       169829       222087      -375700       183623       224739      -362277
    -28541.8       356031      -282730 -6.17649e+06      -368482        67024  1.24004e+07       129501       158552 -6.30101e+06      99764.4      -129671       142759      -219050      -608127       216325     -33309.7       740434
    -4434.47       111790       269832      -170099 -1.18581e+07       152819       129501  2.31896e+07      -455256      -216808 -1.15375e+07       332316      -252077       291310      -206595       428816      -126783     -29081.5
      106117       748874       493774      -276026       383238 -1.21627e+07       158552      -455256  2.36862e+07      39640.3       194196 -1.13187e+07       177717      -253952       198401      -144706      -596374      -716912
     56102.3     -4556.14       571604       426911       279729      -509918 -6.30101e+06      -216808      39640.3  1.20985e+07      37691.5     -42656.2 -6.30485e+06       -38516       722940       229953     -22061.6      -798138
     49802.8      -314792       225187     -53872.6       140841      57585.5      99764.4 -1.15375e+07       194196      37691.5  2.38321e+07      -148672       203000 -1.21944e+07       186425      -314786       313362      -492604
     40214.9      -287483      -462795       331452      -281357      -110900      -129671       332316 -1.13187e+07     -42656.2      -148672  2.36421e+07       276033       141827 -1.19479e+07      -432662       176751       352704
      699666      -323990      -313612      -247164       145091       169829       142759      -252077       177717 -6.30485e+06       203000       276033  1.21593e+07     -34441.3      -303792 -6.29509e+06       251520      55326.4
    -48130.1       192937      -299058       224722     -48331.4       222087      -219050       291310      -253952       -38516 -1.21944e+07       141827     -34441.3  2.36635e+07      -337242       139813 -1.18685e+07       476725
      149477      -165855      -534437      -339015       332111      -375700      -608127      -206595       198401       722940       186425 -1.19479e+07      -303792      -337242  2.38954e+07       200921       265907 -1.11359e+07
-6.53297e+06       217479       -31468       396411      -381645       183623       216325       428816      -144706       229953      -314786      -432662 -6.29509e+06       139813       200921  1.22457e+07      -139109       224626
      184259 -1.19416e+07     -73682.2      -204631       220621       224739     -33309.7      -126783      -596374     -22061.6       313362       176751       251520 -1.18685e+07       265907      -139109  2.36925e+07     -20972.9
     -286471     -78789.3 -1.15673e+07       136969      6104.48      -362277       740434     -29081.5      -716912      -798138      -492604       352704      55326.4       476725 -1.11359e+07       224626     -20972.9  2.36187e+07

