CHH, CHH, CHH, CHH, CHH, CHH, 
 1.19945e+07      -141973       183747       282067      -101333       178088 -6.04199e+06      89213.4      -173590       433857      -166702       113811     -28541.8     -4434.47       106117      -244478     -4745.16      -195074      56102.3      49802.8      40214.9       564842       135265      -119531       699666     -48130.1       149477      -272189       418492       234613 -6.53297e+06       184259      -286471      -680998      -382721       159253
     -141973  2.40805e+07      39051.7  1.37008e+06       959094       260398      -124895 -1.21202e+07      -183427       585515      -392327       687329       356031       111790       748874  1.18486e+06      -475903       -29654     -4556.14      -314792      -287483      -512398       884094       190663      -323990       192937      -165855       119321       159293      -602197       217479 -1.19416e+07     -78789.3       277008      -197961      -417504
      183747      39051.7  2.33774e+07       124256      -970497       483279     -32719.8     -94492.6 -1.12276e+07      -598730      -528336     -49389.1      -282730       269832       493774      -636875      -780512      -333917       571604       225187      -462795      -748967       104954       136038      -313612      -299058      -534437  1.16736e+06      -940900      -471335       -31468     -73682.2 -1.15673e+07       419841      59259.1     -24496.7
      282067  1.37008e+06       124256  5.49423e+07 -1.01326e+06       624161      -479918      -351073       243496       124706       750207 -1.00235e+06       139081      -141347       285787      -497049  1.07882e+06      35779.9      -118031      -635131       523760 -1.46483e+06       613797     -65453.3       324016       175564      -290336      -235858       705730       300663      -130243      -344362      -775628       117389       716142       654910
     -101333       959094      -970497 -1.01326e+06  5.81129e+07       135909      -442273      -274079       679840  -2.0429e+06       636813      56525.5       129703       754560      -683127       511879      -227450      -667225     -26641.9      -921609  1.03175e+06 -1.39437e+06       748040      70239.3     -90696.7  1.38983e+06      -478321     -99432.5  1.86541e+06      -895730       676229 -1.72035e+06       450485 -1.24949e+06  1.61758e+06      -560954
      178088       260398       483279       624161       135909  2.17043e+07      -156250      26908.2      -538897  -1.5565e+06      -114758       354827       588852       190154     -48697.8       313131       365484       160150      -178346       130404       310931      -815482       308430      -393734      -219841      -390035      -301428       933169 -1.36133e+06       246577      -199059      -223155      42923.6       538382       344632       773121
-6.04199e+06      -124895     -32719.8      -479918      -442273      -156250  1.19096e+07       265693       188627      -587170       116945       276569 -6.17649e+06      -170099      -276026      -725672       393878       284393       426911     -53872.6       331452      -479155      -343731      -214866      -247164       224722      -339015      -425983       154356       124275       396411      -204631       136969      38407.6       375222      -248110
     89213.4 -1.21202e+07     -94492.6      -351073      -274079      26908.2       265693  2.39795e+07      -416110       140409  1.50677e+06     -48393.3      -368482 -1.18581e+07       383238 -2.03591e+06       550828      -400603       279729       140841      -281357      -590883     -345.694       257962       145091     -48331.4       332111      47163.7      -590585       143676      -381645       220621      6104.48      44973.2       257179       448912
     -173590      -183427 -1.12276e+07       243496       679840      -538897       188627      -416110  2.45091e+07      -544266       440091       279301        67024       152819 -1.21627e+07       104682       694981       221786      -509918      57585.5      -110900       831195       682208       119669       169829       222087      -375700      -366711   1.3824e+06      -277655       183623       224739      -362277      -864625      -386895       441248
      433857       585515      -598730       124706  -2.0429e+06  -1.5565e+06      -587170       140409      -544266  5.61695e+07  1.17908e+06      -269064       567049      -404361       415932      -380881       702212      -244152      -257322       269428       511971       681260      -779280      -288895      -118092      -330431       140427       461516      -466819       127223      -153560      -267768       176124       156041       740069       682028
     -166702      -392327      -528336       750207       636813      -114758       116945  1.50677e+06       440091  1.17908e+06  5.82546e+07 -1.24442e+06      -135625      -708451      -470101      -685344      -857990       300528       264451       820312       571726      -399472  -1.0578e+06       513231      -210295      -182214      -851077       149408       187977      -542870       106427      -926625       682003  2.34408e+06       571606       202987
      113811       687329     -49389.1 -1.00235e+06      56525.5       354827       276569     -48393.3       279301      -269064 -1.24442e+06    2.038e+07       108420      -198516       350242       740230       432799      -893443      -373536     -33882.5     -91242.5      -145802       270445      88924.1       226986       188567       100539       969929      -206013      -430022      -337913      -586148      -587494      -348602      -192926      49363.1
    -28541.8       356031      -282730       139081       129703       588852 -6.17649e+06      -368482        67024       567049      -135625       108420  1.24004e+07       129501       158552       578305      -184841      22620.6 -6.30101e+06      99764.4      -129671       224750       293560      22693.9       142759      -219050      -608127       471804      1786.08      -251363       216325     -33309.7       740434       106958      -194463      -149733
    -4434.47       111790       269832      -141347       754560       190154      -170099 -1.18581e+07       152819      -404361      -708451      -198516       129501  2.31896e+07      -455256  1.20023e+06      -455069     -52128.9      -216808 -1.15375e+07       332316     -94775.6      -400890      -127103      -252077       291310      -206595      -769216      11257.8       345582       428816      -126783     -29081.5      -205967       615368      4943.61
      106117       748874       493774       285787      -683127     -48697.8      -276026       383238 -1.21627e+07       415932      -470101       350242       158552      -455256  2.36862e+07  1.08627e+06      -182340       469995      39640.3       194196 -1.13187e+07 -1.19447e+06      -521946       118828       177717      -253952       198401       202605      -855430        62743      -144706      -596374      -716912     -62778.3       668060      -371900
     -244478  1.18486e+06      -636875      -497049       511879       313131      -725672 -2.03591e+06       104682      -380881      -685344       740230       578305  1.20023e+06  1.08627e+06  5.69625e+07      -310359       557220       303503       189784      -241868      -717961       186096      -871011     -34422.3      -953944      -175544      -427687  1.69875e+06      -781498     -9584.81       286593      -355812     -40451.6       377773      -214061
    -4745.16      -475903      -780512  1.07882e+06      -227450       365484       393878       550828       694981       702212      -857990       432799      -184841      -455069      -182340      -310359  5.68321e+07       730036       222233       492337     -43666.2       271404      -425412      -706903      -362983      -802788      -534324       830955  1.14577e+06  1.18959e+06      -250867       777029       773488       195387      -486142       962349
     -195074       -29654      -333917      35779.9      -667225       160150       284393      -400603       221786      -244152       300528      -893443      22620.6     -52128.9       469995       557220       730036  2.08314e+07      -137367      -259329      -349902       485892      -349193 -1.15931e+06       310348       932207      34088.6 -1.07789e+06       460831      86785.8      -211026      -341304      75490.8  1.19401e+06      -209999        78321
     56102.3     -4556.14       571604      -118031     -26641.9      -178346       426911       279729      -509918      -257322       264451      -373536 -6.30101e+06      -216808      39640.3       303503       222233      -137367  1.20985e+07      37691.5     -42656.2      89253.5       118072       361747 -6.30485e+06       -38516       722940      -248439      -317828     -15558.6       229953     -22061.6      -798138       790303       139369       527796
     49802.8      -314792       225187      -635131      -921609       130404     -53872.6       140841      57585.5       269428       820312     -33882.5      99764.4 -1.15375e+07       194196       189784       492337      -259329      37691.5  2.38321e+07      -148672       468501       504615     -13455.2       203000 -1.21944e+07       186425       515221  1.03207e+06      -262189      -314786       313362      -492604      -358147      -976487      -443899
     40214.9      -287483      -462795       523760  1.03175e+06       310931       331452      -281357      -110900       511971       571726     -91242.5      -129671       332316 -1.13187e+07      -241868     -43666.2      -349902     -42656.2      -148672  2.36421e+07  1.07804e+06       399763      -182443       276033       141827 -1.19479e+07      -862128       151680       388646      -432662       176751       352704       490816     -13888.7       355493
      564842      -512398      -748967 -1.46483e+06 -1.39437e+06      -815482      -479155      -590883       831195       681260      -399472      -145802       224750     -94775.6 -1.19447e+06      -717961       271404       485892      89253.5       468501  1.07804e+06  5.85313e+07 -1.02689e+06      -265409      27729.3       249411      -830206      -380763       772897      -442972      -330409       420065       805298     -36641.3      -422540      -570831
      135265       884094       104954       613797       748040       308430      -343731     -345.694       682208      -779280  -1.0578e+06       270445       293560      -400890      -521946       186096      -425412      -349193       118072       504615       399763 -1.02689e+06  5.63371e+07       516782       364599      -454586      -276150       216710      -344814       285216      -628033      -406639      -191425      -117664 -1.05467e+06 -1.25262e+06
     -119531       190663       136038     -65453.3      70239.3      -393734      -214866       257962       119669      -288895       513231      88924.1      22693.9      -127103       118828      -871011      -706903 -1.15931e+06       361747     -13455.2      -182443      -265409       516782  2.06372e+07      -224639     -50786.2       179230       262145      -579139      -829718       153186      -342227      -407115  1.06432e+06      -606198     -74158.6
      699666      -323990      -313612       324016     -90696.7      -219841      -247164       145091       169829      -118092      -210295       226986       142759      -252077       177717     -34422.3      -362983       310348 -6.30485e+06       203000       276033      27729.3       364599      -224639  1.21593e+07     -34441.3      -303792      -172328       644637      75282.6 -6.29509e+06       251520      55326.4      -698380     -15737.5      -410537
    -48130.1       192937      -299058       175564  1.38983e+06      -390035       224722     -48331.4       222087      -330431      -182214       188567      -219050       291310      -253952      -953944      -802788       932207       -38516 -1.21944e+07       141827       249411      -454586     -50786.2     -34441.3  2.36635e+07      -337242      -167269 -1.22411e+06      -237097       139813 -1.18685e+07       476725       883859       672868       467654
      149477      -165855      -534437      -290336      -478321      -301428      -339015       332111      -375700       140427      -851077       100539      -608127      -206595       198401      -175544      -534324      34088.6       722940       186425 -1.19479e+07      -830206      -276150       179230      -303792      -337242  2.38954e+07       769286      -429600      -532863       200921       265907 -1.11359e+07      -374509      -269481      -533746
     -272189       119321  1.16736e+06      -235858     -99432.5       933169      -425983      47163.7      -366711       461516       149408       969929       471804      -769216       202605      -427687       830955 -1.07789e+06      -248439       515221      -862128      -380763       216710       262145      -172328      -167269       769286    5.563e+07      11648.4       112459       409388       269686      -892061 -1.13479e+06 -1.63653e+06      -136943
      418492       159293      -940900       705730  1.86541e+06 -1.36133e+06       154356      -590585   1.3824e+06      -466819       187977      -206013      1786.08      11257.8      -855430  1.69875e+06  1.14577e+06       460831      -317828  1.03207e+06       151680       772897      -344814      -579139       644637 -1.22411e+06      -429600      11648.4     6.03e+07      -927525      -709829       734487       588534 -1.72576e+06      -340554      -637890
      234613      -602197      -471335       300663      -895730       246577       124275       143676      -277655       127223      -542870      -430022      -251363       345582        62743      -781498  1.18959e+06      86785.8     -15558.6      -262189       388646      -442972       285216      -829718      75282.6      -237097      -532863       112459      -927525  2.13916e+07      -250731       611581       808013  1.17755e+06       723491      -230632
-6.53297e+06       217479       -31468      -130243       676229      -199059       396411      -381645       183623      -153560       106427      -337913       216325       428816      -144706     -9584.81      -250867      -211026       229953      -314786      -432662      -330409      -628033       153186 -6.29509e+06       139813       200921       409388      -709829      -250731  1.22457e+07      -139109       224626       550581      -224649       164854
      184259 -1.19416e+07     -73682.2      -344362 -1.72035e+06      -223155      -204631       220621       224739      -267768      -926625      -586148     -33309.7      -126783      -596374       286593       777029      -341304     -22061.6       313362       176751       420065      -406639      -342227       251520 -1.18685e+07       265907       269686       734487       611581      -139109  2.36925e+07     -20972.9      -636320      -371975     -37101.4
     -286471     -78789.3 -1.15673e+07      -775628       450485      42923.6       136969      6104.48      -362277       176124       682003      -587494       740434     -29081.5      -716912      -355812       773488      75490.8      -798138      -492604       352704       805298      -191425      -407115      55326.4       476725 -1.11359e+07      -892061       588534       808013       224626     -20972.9  2.36187e+07       528194      -137177       104320
     -680998       277008       419841       117389 -1.24949e+06       538382      38407.6      44973.2      -864625       156041  2.34408e+06      -348602       106958      -205967     -62778.3     -40451.6       195387  1.19401e+06       790303      -358147       490816     -36641.3      -117664  1.06432e+06      -698380       883859      -374509 -1.13479e+06 -1.72576e+06  1.17755e+06       550581      -636320       528194  5.73192e+07      -342698       460400
     -382721      -197961      59259.1       716142  1.61758e+06       344632       375222       257179      -386895       740069       571606      -192926      -194463       615368       668060       377773      -486142      -209999       139369      -976487     -13888.7      -422540 -1.05467e+06      -606198     -15737.5       672868      -269481 -1.63653e+06      -340554       723491      -224649      -371975      -137177      -342698  5.52701e+07      31841.8
      159253      -417504     -24496.7       654910      -560954       773121      -248110       448912       441248       682028       202987      49363.1      -149733      4943.61      -371900      -214061       962349        78321       527796      -443899       355493      -570831 -1.25262e+06     -74158.6      -410537       467654      -533746      -136943      -637890      -230632       164854     -37101.4       104320       460400      31841.8  2.08346e+07

