CHH, CHH, CHH, CHH, CHH, CHH, 
 5.49423e+07 -1.01326e+06       624161       124706       750207 -1.00235e+06      -497049  1.07882e+06      35779.9 -1.46483e+06       613797     -65453.3      -235858       705730       300663       117389       716142       654910
-1.01326e+06  5.81129e+07       135909  -2.0429e+06       636813      56525.5       511879      -227450      -667225 -1.39437e+06       748040      70239.3     -99432.5  1.86541e+06      -895730 -1.24949e+06  1.61758e+06      -560954
      624161       135909  2.17043e+07  -1.5565e+06      -114758       354827       313131       365484       160150      -815482       308430      -393734       933169 -1.36133e+06       246577       538382       344632       773121
      124706  -2.0429e+06  -1.5565e+06  5.61695e+07  1.17908e+06      -269064      -380881       702212      -244152       681260      -779280      -288895       461516      -466819       127223       156041       740069       682028
      750207       636813      -114758  1.17908e+06  5.82546e+07 -1.24442e+06      -685344      -857990       300528      -399472  -1.0578e+06       513231       149408       187977      -542870  2.34408e+06       571606       202987
-1.00235e+06      56525.5       354827      -269064 -1.24442e+06    2.038e+07       740230       432799      -893443      -145802       270445      88924.1       969929      -206013      -430022      -348602      -192926      49363.1
     -497049       511879       313131      -380881      -685344       740230  5.69625e+07      -310359       557220      -717961       186096      -871011      -427687  1.69875e+06      -781498     -40451.6       377773      -214061
 1.07882e+06      -227450       365484       702212      -857990       432799      -310359  5.68321e+07       730036       271404      -425412      -706903       830955  1.14577e+06  1.18959e+06       195387      -486142       962349
     35779.9      -667225       160150      -244152       300528      -893443       557220       730036  2.08314e+07       485892      -349193 -1.15931e+06 -1.07789e+06       460831      86785.8  1.19401e+06      -209999        78321
-1.46483e+06 -1.39437e+06      -815482       681260      -399472      -145802      -717961       271404       485892  5.85313e+07 -1.02689e+06      -265409      -380763       772897      -442972     -36641.3      -422540      -570831
      613797       748040       308430      -779280  -1.0578e+06       270445       186096      -425412      -349193 -1.02689e+06  5.63371e+07       516782       216710      -344814       285216      -117664 -1.05467e+06 -1.25262e+06
    -65453.3      70239.3      -393734      -288895       513231      88924.1      -871011      -706903 -1.15931e+06      -265409       516782  2.06372e+07       262145      -579139      -829718  1.06432e+06      -606198     -74158.6
     -235858     -99432.5       933169       461516       149408       969929      -427687       830955 -1.07789e+06      -380763       216710       262145    5.563e+07      11648.4       112459 -1.13479e+06 -1.63653e+06      -136943
      705730  1.86541e+06 -1.36133e+06      -466819       187977      -206013  1.69875e+06  1.14577e+06       460831       772897      -344814      -579139      11648.4     6.03e+07      -927525 -1.72576e+06      -340554      -637890
      300663      -895730       246577       127223      -542870      -430022      -781498  1.18959e+06      86785.8      -442972       285216      -829718       112459      -927525  2.13916e+07  1.17755e+06       723491      -230632
      117389 -1.24949e+06       538382       156041  2.34408e+06      -348602     -40451.6       195387  1.19401e+06     -36641.3      -117664  1.06432e+06 -1.13479e+06 -1.72576e+06  1.17755e+06  5.73192e+07      -342698       460400
      716142  1.61758e+06       344632       740069       571606      -192926       377773      -486142      -209999      -422540 -1.05467e+06      -606198 -1.63653e+06      -340554       723491      -342698  5.52701e+07      31841.8
      654910      -560954       773121       682028       202987      49363.1      -214061       962349        78321      -570831 -1.25262e+06     -74158.6      -136943      -637890      -230632       460400      31841.8  2.08346e+07

