CHH, CHH, CHH, CHH, CHH, CHH, 
 1.85946e+19  6.55986e+17 -6.15615e+17 -5.29419e+10    4.586e+10  6.17784e+10
 6.55986e+17  1.93352e+19 -5.55836e+17   2.3152e+10 -9.00927e+10   2.4109e+10
-6.15615e+17 -5.55836e+17  2.01678e+19  1.07741e+10  4.28602e+10 -7.52972e+10
-5.29419e+10   2.3152e+10  1.07741e+10       168142      954.353     -2169.72
   4.586e+10 -9.00927e+10  4.28602e+10      954.353       234506     -2218.82
 6.17784e+10   2.4109e+10 -7.52972e+10     -2169.72     -2218.82       237073

